$ANSIBLE_VAULT;1.1;AES256
65663266366465363261323463333862323963386162393934333935333138396231333035376431
3062383562316138316661666166383131633539343232340a313434306533646336343035353038
32353530633332343633313764623433653930353834313938316532336662313461616633376336
3631386538373738610a353434653031383661393630303835353933336230316634623765376333
37366263343432343437376137646636363964633836353332663662393436663163623936653164
30353164393462663933356436666139663130613865346561616331376131336233646632326266
36616534333563336438333731626236316535633330643830323835336635653063333662306665
35613265313632646137643230343735303634663263333732343732373037343239613432616133
61313839313839666536343338636539613031373231343937653139383935633631343231356163
33353164323761343031363362373338356531316438303939333132316561636535306261643665
32623262643536646163333366383834666165633039643432333432393435396561366532376233
39656234633765363431656439663037363735373065343437656539326630323662613563366261
39316230393639313565643661303837326137326562666537353737316236623863353930343838
62333363386363643630373937376166386430393666323436353532323165393864663565336238
32373231353264323565346631646332303936623633656635346565366237346231343834333839
65336561343462376539633961623163626433653831653239346534333831306338653661373663
65323231356564616239373264373633313136633763363263353731646634306664346466376335
31383661643963356537313038646461333332303937396230383637626333306331626463643534
62653139373639626139616133383133363563316664656335313362643736353662373136633264
32616139323234623934633264333533343038363366356338613065393930343566386366316237
38636363656238323466316633343763613032366261633433343637663731313165316538623962
62336163613335636363373835616338666230356361613436306630326162353863373263386531
63376263346164386563313436353239393639323939386463643234353737366331356236656333
37616533376432366664346562343831393961653431303663653834623730393965313634393838
36393132613061346162643130306331373465623765666436306561333065393233
