$ANSIBLE_VAULT;1.1;AES256
61363939353132363636343836613665373064663035336633653936633764373439326335323531
6365383138333065633664616166626265663764653762350a633539336530643363303532313837
64323731363938633232316661336462326437316661343961643165336237376636373635313732
3865353535633661650a313637366532656465636263336638656139656631373134376531366363
65376631373635656131646562306130356534663761633237353439386464623333666266643364
37346463363233656162393236393361646633636630653930653361623961653839623632653966
66613162383535306438313931646161376537643132626539313666376161633533616633666362
30336563333436383237323631346237633330373133346264383766303766363161333839626166
36643365303931356633313230623434396137636236373365343138333966623961626432633031
32383935653733653736666164323933656635663666623230353566346137373334323539386135
66313836623430356166333036396133386333353732663935333335633833326466353263346563
38363565353534623637656631366233323432396563613237356631376638303632383231666633
35646339633437653363316134393466663136306632633466646165373839383238383763313239
63336463343832323263666363396662363235303562376332353232383366643135393865393435
65353339333530363632323134353639393032373765653836396132656361616364633631343465
36376534316637326231336436633763326561386336616636643239636138333731353930613530
64323261663137316162303935383937633338653961346433306562626263306565613962623434
30386663643437623664626630376538316537373833643163656639393135353361343165333236
32653435363538343435343738633464386139633963646135353938313266313230343264343231
66383561666164613865373539623066653663633566353564396364613439626235353034393930
64653338633739306536653030356666616139623733323631333934383038646536613530663663
61643534633832336430623430353337653864353263343962393465353531653032376366353839
39663531666437393461346261333037336435633337313234613630316134366132393064313561
63303439363339343865396137336661633766356533623566663139383834643338333464373238
30316135393639346662303534396464386339336330663761653832656363363738306339383061
37386333643239373364336262643663656634306561303337356532376435313939323162623734
62623435376163643938336133616235623231393134653865376632336431666661306235633338
34656231323938313533633663303566323630653861613338326139623866333964396361383364
64613238333534663934366338313630366566643736656134343865373139373438303037646436
38343937663232643636666235373164623335373932383833336264326335623666333334376634
61353438383562653035666365343365326463353137666637323433393632623931356466343439
33343238653062396266386463306632386662393965303639363931663737356638646135323061
32313130373964313834653539346665353132643437316562346265633437353139353730336263
31323638386431623539386332636538316636303963373434643661643430386138323962333931
64643539313630396338326530376430313737663534316531663535316262353330626639303866
38393035633734626363396362616139663738333162316139653161656631366338336662353264
32323636356163646636353233643764393464373135653335346537303361393536336434373936
38373231366532616438383037326162636163356333313264383932393936383061623766353566
32373463363038386162616461663834383063373431346338306333333937663130613738636437
38343939323464306566393339373136353062366431666238396238353961656538376665313764
39653163396166386231623637623633666136636334666136633262663032626632303234613131
37363363316237613264386463376538363564386562353332306435383762646564393534643936
65313365316139623031393433343366356362393362303463626163366631396466623363303564
35646365656137663337393139363838346238316166373262616339323265656562373837336365
31646432346434343034353839343639653762653332653031623637363161336265393666613830
66653535323937353231346634393161316661303133373137323936666234336665633938646463
31653737333165393563343966356231613238333765386661343865623831626566633031376261
65646439303265333438353232653339336139616565383266343462633264383263353831396438
35383363363236386531393135393135643637653862376638306430373231366135356138613564
36366161623533643936343031363432343565633437386630633434646132313763613830373237
32323031313338396530633639623839333739356334333663303165303338623161623865303437
39643338343133646636613535346361393561323639306133316166643436643861356364663334
62653231636133373036633264316532653264613163633536616462313762666261636332663634
66653732336161663330386566393531663230623535313333613537363534646133636664633038
32383531303037366437643633396166653265356635396539346465633031353338346464373032
64393832626465396331613534636162343130373138386439383833316133613263316436616162
61636334623963623866613038613266316639313865633534373039626138666166316431346361
35653832653863643963326638303163303338366133323435653265656432613738613663643233
65373430633032333665663966363766376634303534356435633838343034396463393139373161
39356561653734626261333838633932353464323436386361313734303034333430363832363839
37306235363935353762626135656664383834623365353762363561323963373238313966353365
66616662333537633934623463393435643537663866303935383732616163666663306631663836
66363264636332306433653833303730616332323361336564646363653334386135396631633132
33636164363535313662663039646265313864323065626433353938633263306466343464633065
34373732646463333930356137363065613066623230376131373633323431613936356462393139
63636538623633353261633234363365333431303837313533313035333132306638313239323637
34636238653939376139653932663766316164313833386639376365666563613635333863623830
31623631646537333962663536396639643632616135663433636437393238376636666133643530
65383833623563336135653837343563323364373832383232383731346137383363376435633734
35613535393934613238333766336535356564636535373162316466663439616466623864353538
66336230326231656666333238666666326230633336306639373837393238343035353966326230
32666236613432323066643937613966363139616165336332336164383965313730393765303630
62393539343963303437646439356261646133653932383761643063313561326331336636366539
31613531383436663961643864313235353336633763373232343134666565383933393863323935
32323761313061353565313230393765666438373066613066373735626635666561306262646163
65393638333463366437356263313766656331643838353733663763356235383831626161653839
34323964616261353166636566393862316563626633336430373938363931333666666461393935
32636638363032666638646333643461313135666266646262303061646131363337306130373331
66636464616631643535373636313266313933643665666361633632383335393831323865326632
32613635336364656537653333333665636532643735656536616333393762336237636230613538
36653538636565333638653138373733333365306164376563633466373066633435396665376434
39366234343264623730383064616465386330386631316463656331636338663236626631613738
66356235376232663465646431346464326134613963656238383661323939343962313839333661
33646431636462616135373265346436313765393161393664343031623037316333653961306261
32623964396665653331373737366136383038343534666463353437653334646239353134303935
31363737396631343731636563313938333061653661663166383936393961326163633765343634
38393635626633303931343463396263633233323531313734326231393739376363643734393838
64653366376562633562393034663530623331633432616334613830363865373536653535646265
30333332353165336361643862336161383165333637633261386537313933326431356235636137
38643439386336393635343334393739333534383365343336633435643730613536396637633062
30323936343661366136623238333334393964366364306566323536363066366332623333333630
36323635383964313833623763613062666235303633363237633163393863366132666334313237
39323166336432333531306239326262623731633964333933633630353830393730363164386538
63653136323835636361633836643865393938323938326539343535356437383061323361353439
38663163313436333436306635376439623461613033316333326532663133353439336261343131
38663237346238356666343565656161323865353565633163656435653466643737333237636261
34363663333132643862386337663261393566613164646536373464333962616463643062646363
61333738636363373032626133326537363334356261396532613438643565626462343331623635
32626531353966626130356565373034323066316135376536306135646532653661353834393563
36376261636465333935366664396566653333326337356536613932373061626438333531326435
66353938323637353865636464643763313835356138643162333162656162396163306166383236
64343663636564633761326237653732666335303762376162333562383463313562333865663965
37306433376133313132636336636663613637636662363162393266303734613237396639376133
65633335613036353130363139636538376633326564666435646564376162393264363566393165
37303535343132363062396365313463656363363238323535383630616334353164636339643636
64316435626332613432346634396530323762646139373832346466663835326132623334366334
36326230666233393630373638633464343834616237313137343664653732616465323362343965
36316363663834313736346666626165633966333532343831303038616639623762313166643261
31316438336339373536663561383231396362313738323837343236613737303033666136636239
39396662316363343566653038353830643830323334386536626630616537633336353134396633
32343135333236386464633731613334653730353330363961393632626239666339646563633965
62343562306665633265336634613831633866633837343836396463333566326536613838623636
66643065356635313935336433643561323633343731656237346166636665383232393935386266
31646431333539373266306331626434666332643762326463643431343932313139323536326337
66663161633032636665613361383461376263316162366337616538386135366232616638383964
36373966653138646364663666373764396230353033363534383039383832386531386434346161
36666539333931396432386537613339656332373561653535346235356633353663393934366538
35346131303164666661623930393365633564386133353337326463633733653733363737636534
38343934313161306530303361653537323237633732666539383930653537626133393830343763
61616165393031323630356134303666393765616661653030623732306663643639626532346530
38623835613466666134393839323962326235656230343935353138353261623661353833643834
33366533306133363562633431653666353230336533393430303138366661643338383338623635
35323236356536626537343438393631336230363662333136363931623538386661656632386630
31373334333738666333633063623733373234396132616637353434383233393736346431353138
66346464636637313665323661353739366537376138303931663035343266663138313431356565
34333738653036396137396163623639383465306437626465363036373239643761336166373861
62356632616363313761346532616533386265376638666134333762363061313133396166336630
63303139663562363531643735623336303630313461646563373636363362613036616532346131
34613036323162636332646534646637366165323133383437353733306266643462636162646233
34396339613537633130653335653230343866336435376437353735303334346438636232386439
38396662376633343261323965613938623733656364386539646165613936643333656662356265
34333038396530393265363565333531396238343065613539636266663039383839306331366563
62623038393064396637363661313363633838356665666337623432336339323233613639313438
3965373065396636316363356635653366623438613064653530
