$ANSIBLE_VAULT;1.1;AES256
39363063363564666337663436653433656262376130346433316138653638633563613737356561
3638643564316137396265346264326533313137613365640a623337623566373133616532346636
36336161653564633463303139383161336233363533376638653231343332626330636531353162
3161363330613266300a353434633133356632383264346137363663306139653834666561313366
65636461663135323761666462376263313064336634343339623430656164623462323961343261
35373363323230343434333832353430316330363831373266303864323831626536373066376566
39636338386564393432666537613437666464313336383663633930653937333435666262613733
30353036303166653465346362366366306433633730393162653161356164643432383138346335
38373534306166346662623137303935343666633065653333386438643866306136633635313133
36316333366230636363656139363134386337653761663531326438663663646430373436613139
62356563363337613234653766633864333335623365643138336136313865373562333063393233
64353864373665333864
